[[  4.92412412e-01   1.74572803e-01   5.75801138e-02   1.00361361e-03
    3.26534258e-02   1.82485995e-04   6.10770635e-02   4.50837780e-03
    1.75990411e-01   1.92934340e-05]
 [  1.74164307e-01   9.72368435e-04   6.86257090e-05   6.28933749e-01
    6.48501083e-02   9.92469342e-02   3.97602361e-05   9.86078573e-03
    6.38229208e-03   1.54810692e-02]
 [  2.45934807e-01   8.89695066e-04   1.34782105e-01   8.34564779e-02
    2.98012211e-02   2.95599145e-03   1.28804108e-03   6.09755201e-03
    4.93269334e-01   1.52477511e-03]
 [  1.54189627e-02   2.63408629e-02   5.33764686e-03   2.18651590e-01
    5.55314888e-01   2.64499520e-02   1.48147565e-01   9.72596098e-05
    1.63753886e-03   2.60373347e-03]
 [  4.23780800e-02   1.50825207e-01   9.59138126e-03   5.10850618e-01
    6.84437735e-06   2.23687543e-06   7.98192350e-02   3.65616648e-02
    3.06181957e-03   1.66902913e-01]
 [  2.25697604e-02   8.60201428e-02   2.35669541e-03   2.62829659e-06
    8.14528490e-01   4.84672902e-05   4.08845250e-03   1.03962501e-04
    5.90872637e-02   1.11941372e-02]
 [  8.30788329e-02   1.30104090e-02   6.42097434e-02   6.97370491e-01
    1.18673115e-02   1.47916886e-02   3.23202084e-02   4.05096352e-02
    3.49663082e-02   7.87537212e-03]
 [  2.13834578e-04   6.52528199e-02   1.83202355e-03   8.39862211e-01
    1.87837245e-02   3.33852920e-02   1.12966512e-02   9.78932182e-08
    2.32061474e-02   6.16719780e-03]
 [  8.97966126e-02   1.43478633e-01   7.20538906e-03   4.31923502e-01
    1.07690679e-01   9.27966850e-03   7.27403160e-03   1.43110364e-02
    7.86528820e-02   1.10387566e-01]
 [  2.96751555e-01   2.05171251e-01   1.48405376e-01   5.14467265e-04
    2.29774962e-01   2.42496455e-03   1.07592148e-01   3.31315098e-03
    3.36309979e-03   2.68902591e-03]
 [  3.00056018e-01   5.04379295e-04   1.44181317e-01   6.20930826e-02
    4.56586961e-03   7.09490402e-03   2.85330541e-03   1.42783277e-03
    4.77169035e-01   5.42560947e-05]
 [  4.46150101e-01   2.43746528e-04   6.20829524e-02   2.84122634e-02
    2.06910714e-02   4.90984559e-03   7.97102923e-05   1.67528198e-03
    4.35396578e-01   3.58449144e-04]
 [  2.00193793e-01   3.99409180e-04   3.16181721e-01   2.41707089e-03
    2.73179775e-01   9.30740232e-04   1.91147655e-01   4.82758529e-03
    8.62761521e-04   9.85948953e-03]
 [  5.99837215e-02   1.10136779e-01   2.45681821e-01   2.84989585e-01
    2.06379159e-03   4.47388248e-02   1.43575731e-07   2.40564880e-01
    1.18382161e-02   2.23800730e-06]
 [  2.78805043e-03   1.41541821e-04   1.69324299e-03   6.61740888e-01
    1.47798493e-06   1.44767525e-02   1.84009893e-02   1.18411573e-02
    3.52060414e-02   2.53709858e-01]
 [  9.93262530e-03   4.14592845e-01   1.72688124e-03   9.78301551e-02
    3.16389471e-01   3.40159518e-02   2.20320171e-02   5.38331755e-03
    2.39784670e-02   7.41182691e-02]
 [  3.60571960e-04   3.41850844e-03   4.82997363e-03   3.60218512e-01
    5.34062624e-01   3.10153043e-02   9.19631086e-03   1.13723047e-02
    3.31429815e-02   1.23829082e-02]
 [  3.18691492e-01   1.71160967e-02   5.61154242e-02   1.47002656e-01
    1.43855282e-01   5.43206609e-03   1.77705946e-01   2.51321479e-04
    1.33765346e-01   6.43706401e-05]
 [  5.35476624e-07   3.79454629e-05   1.67451277e-02   4.96379911e-01
    8.77608930e-08   6.61799633e-05   2.55027341e-09   6.78215677e-03
    3.41726002e-02   4.45815453e-01]
 [  1.27177967e-03   2.33513531e-04   6.61217582e-04   8.95708555e-01
    6.87443118e-02   4.86222789e-04   3.76864357e-05   1.21542306e-04
    3.13612143e-02   1.37395648e-03]
 [  7.87728809e-04   2.52091025e-03   2.62746734e-02   6.75629683e-02
    8.86982208e-02   3.12436132e-01   1.11734641e-01   1.94506167e-01
    1.86460763e-01   9.01779383e-03]
 [  1.22821858e-03   9.06851947e-03   2.92121142e-03   3.28152466e-01
    9.69838847e-03   1.90799097e-02   2.12606758e-03   2.07349826e-02
    5.77713246e-01   2.92769901e-02]
 [  4.75895765e-02   2.60874939e-03   3.56609914e-05   5.29973175e-01
    1.05957847e-01   2.22224397e-01   1.88437607e-04   8.56749048e-03
    7.18168121e-02   1.10378542e-02]
 [  9.28735778e-04   1.50729089e-01   1.84420200e-02   1.08159611e-03
    2.81297665e-08   2.44652418e-04   2.31116436e-05   7.12540271e-05
    4.41410917e-01   3.87068596e-01]
 [  2.68198582e-01   8.04759661e-04   2.17030312e-04   2.73902066e-01
    6.80248371e-02   1.44213652e-01   3.33553616e-06   2.26532947e-01
    5.93164154e-03   1.21711487e-02]
 [  3.57487561e-01   4.06464044e-03   1.09700644e-04   3.17805850e-01
    1.48375536e-01   9.91801509e-02   7.90530565e-04   1.30298165e-02
    4.77414407e-02   1.14147735e-02]
 [  1.52793658e-04   1.94272327e-01   3.42137650e-03   7.32830773e-01
    3.92453973e-03   2.16184070e-02   3.05483746e-02   4.94795828e-07
    7.46870941e-03   5.76220396e-03]
 [  2.79687972e-01   2.61170941e-01   2.36396500e-04   3.61269350e-01
    5.82992763e-02   2.92494096e-02   9.79284208e-04   9.27830296e-04
    3.15721157e-08   8.17950902e-03]
 [  3.88284427e-02   1.70812246e-01   1.56228052e-03   6.30914230e-01
    3.97041571e-03   9.17986285e-02   2.61994699e-02   8.68409649e-04
    2.35980965e-03   3.26860668e-02]
 [  4.30554519e-04   1.06345537e-02   7.62713586e-03   9.05224513e-05
    5.78868836e-02   5.67010742e-02   2.48827444e-01   9.38378671e-02
    1.00865311e-01   4.23098654e-01]
 [  3.01899061e-01   3.47640894e-04   1.30818120e-01   3.65204791e-02
    5.33792201e-02   4.30518295e-03   1.45676732e-04   3.42249502e-04
    4.70968793e-01   1.27357736e-03]
 [  1.42387250e-05   1.79966602e-02   5.58788196e-02   1.64574542e-04
    7.29577878e-02   4.82694704e-02   2.34050439e-01   8.10196132e-02
    8.13686435e-02   4.08279753e-01]
 [  2.94203733e-01   2.43112056e-02   2.79492200e-02   6.15261097e-02
    4.33210252e-01   9.74803901e-05   9.97364347e-02   1.29536320e-02
    1.03717361e-03   4.49747589e-02]
 [  1.51350830e-02   4.14451826e-03   4.19170970e-03   2.02592339e-01
    4.92760546e-01   4.76387292e-03   2.65802050e-01   6.20557022e-05
    8.89831659e-03   1.64950905e-03]
 [  1.65661151e-02   1.32271632e-01   4.04227257e-01   2.19350248e-01
    2.07347576e-02   1.54053479e-01   1.89673684e-02   1.68274033e-03
    1.67625558e-03   3.04701477e-02]
 [  1.88078696e-01   1.99420253e-04   1.17544533e-04   4.86692693e-01
    3.39882014e-02   1.86542941e-01   2.80422973e-04   2.12253359e-02
    5.56715304e-02   2.72032140e-02]
 [  8.96972281e-02   1.88901642e-02   5.38502112e-03   2.36612333e-01
    3.87721023e-01   6.57352386e-03   2.50700146e-01   8.71624923e-05
    2.65123927e-04   4.06827462e-03]
 [  3.47833920e-05   6.03136308e-04   1.95090767e-03   7.90780225e-01
    1.78684177e-01   4.14618950e-03   9.20283690e-03   2.47111325e-03
    2.37356766e-03   9.75306421e-03]
 [  1.14848452e-02   1.50270494e-03   2.40973581e-03   7.47297707e-02
    6.16117935e-01   2.50043390e-02   2.55041584e-01   8.56812637e-06
    1.15596935e-02   2.14082326e-03]
 [  3.16413119e-01   2.17407453e-04   5.69149204e-01   5.29712231e-02
    2.54981590e-02   3.73327575e-05   1.92095385e-02   7.45426368e-03
    2.03620542e-03   7.01354726e-03]
 [  2.00469508e-03   7.53261881e-03   1.19391993e-01   1.01886676e-04
    2.30513543e-02   4.37162185e-02   1.39137826e-01   1.03810377e-01
    1.26661574e-01   4.34591457e-01]
 [  2.21797116e-04   6.62231157e-04   5.96986750e-02   1.09154261e-01
    1.08336133e-02   3.37999240e-02   6.99699180e-02   3.87220580e-02
    6.67532485e-01   9.40503799e-03]
 [  4.03439295e-02   2.22800728e-03   3.06653714e-02   3.40523598e-01
    8.48043029e-03   7.43278616e-02   3.05536114e-01   6.42198654e-02
    1.08657122e-01   2.50177001e-02]
 [  1.72919125e-03   1.74982117e-02   5.13000798e-02   3.15584478e-04
    3.46095630e-02   6.32235262e-02   6.55565257e-02   7.94740881e-02
    5.82739449e-03   6.80465835e-01]
 [  6.11387906e-01   7.92426791e-04   4.03069788e-03   8.71469030e-02
    4.07880287e-02   3.30155784e-03   1.13572361e-02   5.08516027e-03
    2.35530898e-01   5.79184923e-04]
 [  2.07422111e-01   9.31820765e-02   1.08346560e-01   1.57023915e-02
    2.40935912e-01   2.90745402e-01   2.27284792e-05   9.22082834e-03
    4.99309913e-06   3.44169974e-02]
 [  6.55805171e-02   5.53659680e-01   5.67031197e-03   4.76869446e-03
    1.70591641e-01   1.48586320e-06   1.41761086e-01   5.48814939e-02
    2.81084934e-03   2.74240836e-04]
 [  5.04373575e-02   4.65836751e-02   6.35248405e-02   2.41024308e-03
    3.04272382e-02   1.12231419e-02   3.43612777e-03   2.07342680e-02
    1.55691534e-01   6.15531574e-01]
 [  1.20628723e-02   2.76854732e-02   9.17544808e-03   5.33779347e-06
    1.40666921e-03   6.44738502e-06   5.91820448e-05   5.36249766e-04
    8.00898557e-01   1.48163763e-01]
 [  9.17736035e-04   3.09042161e-03   5.31781556e-02   1.81994296e-01
    1.25759208e-01   1.04032278e-01   8.28014317e-02   5.21330295e-02
    3.94285826e-01   1.80761839e-03]
 [  2.86887840e-01   6.02553731e-04   1.16388491e-04   2.30375725e-01
    1.78414746e-02   2.13079227e-01   6.04047754e-06   2.42281252e-01
    2.42192829e-03   6.38757040e-03]
 [  8.31093959e-04   7.59408646e-02   6.83467989e-02   8.36882957e-01
    4.65277041e-03   9.47676049e-07   1.16010379e-02   3.82687117e-04
    1.10391137e-03   2.56930586e-04]
 [  1.74208594e-05   3.00010220e-01   3.19340877e-02   6.20853926e-01
    1.29568581e-02   2.06319238e-03   5.55913546e-03   9.98773554e-05
    5.21615234e-03   2.12891305e-02]
 [  6.62755877e-03   9.70639397e-02   6.37651635e-03   8.72557212e-01
    4.18868500e-06   1.32648005e-03   1.40316034e-03   7.01059125e-03
    3.12353734e-03   4.50681555e-03]
 [  4.05348832e-03   5.96511389e-03   1.88018692e-02   5.28554982e-01
    4.81021403e-02   4.61118103e-02   7.79699917e-03   2.80735485e-01
    4.63024839e-02   1.35756279e-02]
 [  8.37923754e-02   2.11402886e-01   1.17875159e-01   1.00641921e-01
    3.21076728e-01   2.18402364e-02   9.10870028e-02   2.81057627e-03
    8.49218508e-03   4.09809307e-02]
 [  3.68770887e-02   3.99980519e-02   2.66073999e-02   6.33113023e-04
    1.05925532e-01   7.93201582e-03   6.47341129e-01   1.90997786e-02
    4.64313186e-02   6.91545726e-02]
 [  2.26450549e-03   4.77085831e-02   3.76290878e-02   1.09102060e-03
    4.88603153e-07   1.82283495e-03   1.77579303e-05   1.25367356e-04
    5.75844054e-01   3.33496300e-01]
 [  1.82247854e-03   1.38697977e-02   5.90723631e-02   3.58647979e-01
    1.68722940e-02   7.82048443e-04   5.72664012e-05   1.24079034e-02
    3.45136960e-01   1.91330910e-01]
 [  3.54516794e-01   3.54883736e-02   2.49661278e-01   4.87612605e-05
    2.45741231e-01   9.16884770e-04   4.01277918e-02   1.37099142e-02
    5.97189500e-02   7.00213892e-05]
 [  1.57393587e-01   7.42935008e-04   4.80691097e-02   1.14970492e-01
    6.83551775e-02   4.49200492e-03   9.59429195e-04   6.47971179e-03
    5.97130531e-01   1.40702144e-03]
 [  4.03749429e-02   3.07316317e-02   2.83434378e-03   8.42739292e-01
    2.61633060e-08   2.39674936e-05   1.29809547e-03   2.66814127e-02
    5.01781592e-03   5.02984716e-02]
 [  2.97264200e-05   4.21183385e-01   2.39442936e-03   4.42387737e-01
    2.96606669e-02   1.87376237e-03   4.00450823e-02   7.74365323e-04
    1.16792210e-02   4.99716244e-02]
 [  1.00140229e-01   4.90178997e-02   2.63099989e-01   2.62768665e-01
    2.80051113e-03   2.39432791e-02   1.15529646e-06   2.87127411e-01
    1.11007919e-02   6.85120415e-08]
 [  1.44152747e-01   3.07498571e-01   3.97190475e-02   2.14334806e-01
    4.22867710e-03   1.00855486e-01   1.74521396e-02   5.41474133e-03
    3.31023461e-03   1.63033549e-01]
 [  1.16840990e-02   1.31721379e-03   6.22469212e-05   7.19840272e-01
    7.75910556e-02   1.19473804e-01   3.49441687e-04   5.12358333e-02
    1.75366028e-02   9.09430758e-04]
 [  2.79928497e-01   1.42627233e-01   4.48589662e-02   1.22531556e-01
    1.25910009e-01   9.26616536e-03   6.11926709e-02   6.05912564e-02
    6.66581012e-02   8.64355455e-02]
 [  4.82354846e-02   5.13177778e-02   2.46766988e-02   9.71590306e-02
    5.67130431e-02   7.19963438e-04   1.09613811e-01   1.95623034e-02
    2.25451646e-02   5.69456723e-01]
 [  3.82306101e-01   1.05556527e-02   1.91316335e-01   8.64904324e-04
    2.51171962e-01   3.01329733e-04   9.76941061e-03   1.90023356e-02
    1.34643714e-01   6.82543966e-05]
 [  4.51385274e-01   1.69543186e-01   3.84846172e-02   9.14297519e-04
    9.26717027e-02   5.47557749e-04   7.59101951e-02   1.49406326e-02
    1.55473138e-01   1.29398258e-04]
 [  6.55431652e-02   2.03111466e-01   2.88095330e-02   2.20671695e-01
    2.15132738e-01   1.66538567e-02   8.81516475e-02   1.07812090e-02
    5.53426847e-02   9.58020046e-02]
 [  4.13990009e-02   1.22776203e-01   1.20678975e-03   6.40785076e-01
    4.58439959e-02   2.79222958e-03   6.36682141e-02   5.98738814e-03
    1.50044887e-02   6.05366140e-02]
 [  8.66029906e-03   5.60285023e-06   1.90664023e-01   1.57685156e-02
    2.33191323e-01   5.25853167e-03   8.95148389e-02   1.46849446e-01
    3.78808140e-07   3.10087042e-01]
 [  4.52663038e-02   3.79271924e-04   2.09487821e-04   7.59668650e-01
    6.44351002e-02   6.98036378e-02   2.34283361e-04   3.59516661e-02
    9.74223094e-03   1.43093680e-02]
 [  3.02465409e-05   1.73056744e-03   1.55294812e-03   9.61882731e-01
    1.42435636e-04   1.72017980e-05   1.09719079e-02   2.34354493e-02
    7.29410299e-05   1.63571291e-04]
 [  8.46871117e-02   2.56383044e-01   2.87432804e-02   5.04902399e-01
    5.14565423e-02   9.28557550e-03   4.92638937e-03   5.08087793e-03
    1.43287298e-02   4.02060501e-02]
 [  2.33621409e-02   7.57095782e-02   3.07234722e-01   6.28181869e-03
    5.49424543e-01   1.08644009e-04   1.50670810e-02   8.24618784e-03
    2.53822327e-04   1.43114621e-02]
 [  1.14500442e-05   5.56875284e-03   3.42582982e-05   2.32398962e-01
    3.89142053e-04   1.57961590e-04   3.84713029e-02   1.37615132e-04
    7.21361021e-01   1.46953427e-03]
 [  2.52636937e-02   4.17387774e-03   1.69978130e-03   3.73062963e-01
    3.64385727e-02   1.07357409e-01   3.61646760e-02   5.15085709e-02
    1.11048986e-01   2.53281470e-01]
 [  8.25234114e-08   2.84838454e-05   2.31480463e-02   4.04548760e-01
    9.39981835e-08   1.13778689e-05   1.73010817e-08   6.74652792e-03
    1.07043006e-01   4.58473604e-01]
 [  3.02138751e-03   2.74411917e-03   1.10310737e-02   5.91100143e-01
    1.34030944e-02   4.25817118e-04   2.53751349e-03   1.64962586e-01
    1.77915870e-01   3.28583962e-02]
 [  5.50741445e-01   8.95461216e-04   1.03232656e-01   9.72231228e-02
    4.07798395e-02   8.91599499e-03   1.59894473e-02   5.09712728e-03
    1.76892326e-01   2.32580264e-04]
 [  3.00884974e-04   5.01005166e-01   3.93886458e-03   2.67619027e-01
    1.80616341e-02   4.20532562e-02   4.44273684e-03   2.44001627e-08
    9.09214759e-02   7.16569301e-02]
 [  3.43301831e-03   2.36073495e-04   9.68943618e-03   8.33587298e-01
    2.77015034e-06   8.46246898e-03   3.42502934e-03   4.16885811e-03
    7.67279485e-02   6.02670988e-02]
 [  8.44062294e-04   1.01356752e-02   4.75792433e-02   3.48244583e-04
    7.84587680e-02   4.99579197e-02   1.15979393e-01   7.13160323e-02
    5.92135728e-02   5.66167089e-01]
 [  1.51251555e-04   1.88728977e-03   3.74533948e-04   9.36411249e-01
    8.48515674e-04   5.05404261e-06   2.91905556e-02   3.06531136e-02
    4.25130414e-05   4.35923377e-04]
 [  5.85998049e-03   2.06734911e-02   3.92995944e-03   5.57254361e-01
    1.36329615e-01   2.03224228e-03   2.99814790e-03   4.22015166e-03
    2.66353349e-01   3.48702448e-04]
 [  8.15814658e-02   7.00082955e-04   4.97194974e-04   6.98781960e-01
    8.57294140e-02   6.43582123e-02   1.65422564e-04   3.73571423e-02
    2.21033158e-02   8.72578958e-03]
 [  3.49875637e-01   1.08000386e-01   1.29067895e-02   1.20771047e-01
    9.02164641e-02   6.03153773e-02   2.92736806e-02   1.92335158e-02
    1.66899034e-01   4.25080696e-02]
 [  1.54108151e-02   5.04946643e-03   2.06647031e-03   8.10958155e-01
    8.21294903e-04   1.39180604e-02   2.29173346e-03   1.27315362e-01
    2.21633722e-02   5.26948623e-06]
 [  1.63036341e-01   1.63609308e-01   2.73121157e-02   5.83525622e-03
    1.15245695e-01   1.69923074e-04   2.16925799e-01   7.21090618e-02
    4.97683687e-02   1.85988131e-01]] [[  7.05518476e-01   4.88647581e-02   1.21155723e-01   1.63996639e-06
    1.26724038e-02   1.05786536e-05   4.37696343e-02   3.14616521e-03
    6.48605246e-02   9.58309891e-08]
 [  8.56806766e-01   9.34532373e-04   4.95795512e-04   3.52872353e-03
    8.64142349e-02   1.97543292e-02   9.78336043e-05   2.36274620e-02
    8.07630026e-03   2.64022974e-04]
 [  4.21965545e-01   2.98220807e-04   3.39610604e-01   1.63307469e-04
    1.38497490e-02   2.05202015e-04   1.10535575e-03   5.09558824e-03
    2.17697358e-01   9.06942641e-06]
 [  6.05344140e-02   2.02030505e-02   3.07743606e-02   9.79013834e-04
    5.90523730e-01   4.20139515e-03   2.90908943e-01   1.85977981e-04
    1.65367763e-03   3.54373099e-05]
 [  2.91037220e-01   2.02358269e-01   9.67342856e-02   4.00119931e-03
    1.27318659e-05   6.21542047e-07   2.74176475e-01   1.22296786e-01
    5.40877485e-03   3.97363719e-03]
 [  8.03775012e-02   5.98477020e-02   1.23254568e-02   1.06750748e-08
    7.85714350e-01   6.98357414e-06   7.28252323e-03   1.80329216e-04
    5.41269409e-02   1.38202282e-04]
 [  3.62090267e-01   1.10778934e-02   4.10978796e-01   3.46640286e-03
    1.40097266e-02   2.60834886e-03   7.04556760e-02   8.59936968e-02
    3.92002013e-02   1.18991129e-04]
 [  6.16425417e-03   3.67486725e-01   7.75578338e-02   2.76121134e-02
    1.46667932e-01   3.89385019e-02   1.62879974e-01   1.37447559e-06
    1.72074970e-01   6.16321784e-04]
 [  4.73439421e-01   1.47785375e-01   5.57896856e-02   2.59716955e-03
    1.53791889e-01   1.97951310e-03   1.91820498e-02   3.67500023e-02
    1.06667264e-01   2.01763060e-03]
 [  4.40666598e-01   5.95214365e-02   3.23637456e-01   8.71292309e-07
    9.24210050e-02   1.45694776e-04   7.99121980e-02   2.39629443e-03
    1.28460301e-03   1.38429660e-05]
 [  4.70049025e-01   1.54361089e-04   3.31697212e-01   1.10936138e-04
    1.93738161e-03   4.49685410e-04   2.23565325e-03   1.08943164e-03
    1.92276019e-01   2.94649958e-07]
 [  6.80047243e-01   7.25832305e-05   1.38970451e-01   4.93915807e-05
    8.54263638e-03   3.02794079e-04   6.07698073e-05   1.24373492e-03
    1.70708502e-01   1.89409899e-06]
 [  2.39222416e-01   9.32414622e-05   5.54855686e-01   3.29404598e-06
    8.84200306e-02   4.49988287e-05   1.14244581e-01   2.80972000e-03
    2.65188132e-04   4.08434794e-05]
 [  1.06126871e-01   3.80683533e-02   6.38347251e-01   5.75055747e-04
    9.89028133e-04   3.20256522e-03   1.27054005e-07   2.07303198e-01
    5.38753706e-03   1.37268374e-08]
 [  8.83707540e-02   8.76460768e-04   7.88168798e-02   2.39213073e-02
    1.26890409e-05   1.85652389e-02   2.91718840e-01   1.82803248e-01
    2.87036537e-01   2.78780450e-02]
 [  4.94857098e-02   4.03531389e-01   1.26348543e-02   5.55875455e-04
    4.26961412e-01   6.85677401e-03   5.49016478e-02   1.30631397e-02
    3.07290559e-02   1.28014173e-03]
 [  2.08239891e-03   3.85698900e-03   4.09646032e-02   2.37261357e-03
    8.35439520e-01   7.24718720e-03   2.65644598e-02   3.19891194e-02
    4.92351883e-02   2.47920059e-04]
 [  5.61858111e-01   5.89522908e-03   1.45288236e-01   2.95576818e-04
    6.86962215e-02   3.87474108e-04   1.56701630e-01   2.15808037e-04
    6.06613196e-02   3.93424182e-07]
 [  1.37985060e-05   1.91025424e-04   6.33682962e-01   1.45879663e-02
    6.12552670e-07   6.89984809e-05   3.28695427e-08   8.51218779e-02
    2.26506999e-01   3.98257263e-02]
 [  4.22522795e-02   1.51561915e-03   3.22607661e-02   3.39386054e-02
    6.18622751e-01   6.53574401e-04   6.26236966e-04   1.96674275e-03
    2.68005180e-01   1.58244375e-04]
 [  2.86212698e-03   1.78940778e-03   1.40197901e-01   2.79968967e-04
    8.72927008e-02   4.59298343e-02   2.03055790e-01   3.44213078e-01
    1.74265605e-01   1.13587230e-04]
 [  7.18555026e-03   1.03647904e-02   2.50980149e-02   2.18952064e-03
    1.53686173e-02   4.51629330e-03   6.22123780e-03   5.90839964e-02
    8.69378196e-01   5.93783095e-04]
 [  4.35699480e-01   4.66602788e-03   4.79469107e-04   5.53373164e-03
    2.62759955e-01   8.23167838e-02   8.62895396e-04   3.82041599e-02
    1.69127168e-01   3.50329647e-04]
 [  5.38711193e-03   1.70805033e-01   1.57095711e-01   7.15513685e-06
    4.41957800e-08   5.74162458e-05   6.70517357e-05   2.01305230e-04
    6.58595781e-01   7.78339009e-03]
 [  6.61970622e-01   3.88050463e-04   7.86673736e-04   7.71021611e-04
    4.54779210e-02   1.44015777e-02   4.11778115e-06   2.72329969e-01
    3.76590351e-03   1.04143182e-04]
 [  8.46988327e-01   1.88138810e-03   3.81696066e-04   8.58751251e-04
    9.52203216e-02   9.50742071e-03   9.36807860e-04   1.50361488e-02
    2.90953820e-02   9.37563792e-05]
 [  2.42050065e-03   6.01243763e-01   7.95962778e-02   1.32401400e-02
    1.68398980e-02   1.38562280e-02   2.42049033e-01   3.81775211e-06
    3.04338915e-02   3.16450319e-04]
 [  8.00447177e-01   1.46023754e-01   9.93555074e-04   1.17917702e-03
    4.51931803e-02   3.38686158e-03   1.40179016e-03   1.29332972e-03
    2.32420603e-08   8.11527346e-05]
 [  4.11975190e-01   3.54062443e-01   2.43428893e-02   7.63449680e-03
    1.14105853e-02   3.94074869e-02   1.39036544e-01   4.48773860e-03
    6.44035957e-03   1.20226662e-03]
 [  1.87806383e-03   9.06235841e-03   4.88580011e-02   4.50326503e-07
    6.83932465e-02   1.00067936e-02   5.42870002e-01   1.99361892e-01
    1.13171241e-01   6.39795051e-03]
 [  4.79095110e-01   1.07778120e-04   3.04873654e-01   6.60975629e-05
    2.29447354e-02   2.76422280e-04   1.15628672e-04   2.64535904e-04
    1.92249031e-01   7.00651965e-06]
 [  4.97548793e-05   1.22855969e-02   2.86750256e-01   6.55867687e-07
    6.90537209e-02   6.82430715e-03   4.09062251e-01   1.37891204e-01
    7.31364207e-02   4.94583308e-03]
 [  5.72347166e-01   9.23969470e-03   7.98496590e-02   1.36508539e-04
    2.28276358e-01   7.67273276e-06   9.70466539e-02   1.22739608e-02
    5.19008976e-04   3.03317339e-04]
 [  5.19631624e-02   2.77987067e-03   2.11345975e-02   7.93273214e-04
    4.58244802e-01   6.61747626e-04   4.56440805e-01   1.03770589e-04
    7.85833741e-03   1.96328119e-05]
 [  2.51389484e-02   3.92132567e-02   9.00832494e-01   3.79623917e-04
    8.52268129e-03   9.45843755e-03   1.43962335e-02   1.24372785e-03
    6.54302711e-04   1.60294281e-04]
 [  8.15989387e-01   1.69026164e-04   7.48926772e-04   2.40817883e-03
    3.99414604e-02   3.27450140e-02   6.08518608e-04   4.48519467e-02
    6.21283923e-02   4.09149626e-04]
 [  2.69873201e-01   1.11034065e-02   2.37936005e-02   8.11908558e-04
    3.15973704e-01   8.00203484e-04   3.77268630e-01   1.27729791e-04
    2.05183160e-04   4.24334201e-05]
 [  5.90177051e-04   1.99924320e-03   4.86115109e-02   1.53022464e-02
    8.21196963e-01   2.84630209e-03   7.80993611e-02   2.04213692e-02
    1.03591484e-02   5.73678411e-04]
 [  3.65938096e-02   9.35396978e-04   1.12757108e-02   2.71559583e-04
    5.31737371e-01   3.22343794e-03   4.06451608e-01   1.32968927e-05
    9.47416292e-03   2.36472330e-05]
 [  2.69737443e-01   3.62077010e-05   7.12532871e-01   5.15010116e-05
    5.88771030e-03   1.28765133e-06   8.19066297e-03   3.09509033e-03
    4.46498902e-04   2.07272421e-05]
 [  5.87776118e-03   4.31468773e-03   5.14080144e-01   3.40698334e-07
    1.83067357e-02   5.18594201e-03   2.04044171e-01   1.48247098e-01
    9.55257694e-02   4.41735023e-03]
 [  6.97379621e-04   4.06782943e-04   2.75657660e-01   3.91420038e-04
    9.22651175e-03   4.29982259e-03   1.10037342e-01   5.92998520e-02
    5.39880713e-01   1.02515834e-04]
 [  1.32867677e-01   1.43349941e-03   1.48313741e-01   1.27902008e-03
    7.56501661e-03   9.90408228e-03   5.03290885e-01   1.03013076e-01
    9.20473720e-02   2.85631146e-04]
 [  1.03066970e-02   2.03755770e-02   4.49041561e-01   2.14526586e-06
    5.58757610e-02   1.52467280e-02   1.95437447e-01   2.30719264e-01
    8.93434982e-03   1.40604702e-02]
 [  8.76558655e-01   2.21954041e-04   8.48665215e-03   1.42496796e-04
    1.58397276e-02   1.91515754e-04   8.14427000e-03   3.55099945e-03
    8.68608506e-02   2.87871336e-06]
 [  4.44725241e-01   3.90309283e-02   3.41148818e-01   3.83964908e-05
    1.39923004e-01   2.52215074e-02   2.43737568e-05   9.62916188e-03
    2.75371486e-06   2.55815435e-04]
 [  2.00771190e-01   3.31138151e-01   2.54932688e-02   1.66500314e-05
    1.41460489e-01   1.84046194e-07   2.17069575e-01   8.18340984e-02
    2.21348292e-03   2.91055437e-06]
 [  2.34020282e-01   4.22254891e-02   4.32849353e-01   1.27541354e-05
    3.82397074e-02   2.10686682e-03   7.97417656e-03   4.68567005e-02
    1.85813910e-01   9.90076028e-03]
 [  5.06539938e-02   2.27119635e-02   5.65825167e-02   2.55631126e-08
    1.59994774e-03   1.09538812e-06   1.24299190e-04   1.09676075e-03
    8.65072537e-01   2.15686021e-03]
 [  3.20517172e-03   2.10858453e-03   2.72746260e-01   7.24903670e-04
    1.18966357e-01   1.47001945e-02   1.44639440e-01   8.86805344e-02
    3.54206669e-01   2.18855419e-05]
 [  6.83804793e-01   2.80579248e-04   4.07400966e-04   6.26247086e-04
    1.15186504e-02   2.05486157e-02   7.20122934e-06   2.81268845e-01
    1.48488674e-03   5.27804071e-05]
 [  6.67400915e-03   1.19138459e-01   8.06021947e-01   7.66461598e-03
    1.01204343e-02   3.07905916e-07   4.65960267e-02   1.49679504e-03
    2.28025245e-03   7.15269188e-06]
 [  1.52719584e-04   5.13808132e-01   4.11122918e-01   6.20731225e-03
    3.07663314e-02   7.31789776e-04   2.43751772e-02   4.26455788e-04
    1.17621706e-02   6.46993797e-04]
 [  1.61885247e-01   4.63181673e-01   2.28733186e-01   2.43072933e-02
    2.77129169e-05   1.31091901e-03   1.71425867e-02   8.34046286e-02
    1.96251253e-02   3.81628241e-04]
 [  2.01746431e-02   5.80009948e-03   1.37426339e-01   3.00024078e-03
    6.48473433e-02   9.28561266e-03   1.94097433e-02   6.80543778e-01
    5.92779636e-02   2.34236136e-04]
 [  1.92440388e-01   9.48511064e-02   3.97563063e-01   2.63608643e-04
    1.99733726e-01   2.02941336e-03   1.04631753e-01   3.14390141e-03
    5.01675884e-03   3.26280092e-04]
 [  8.05100222e-02   1.70597210e-02   8.53076092e-02   1.57638963e-06
    6.26390011e-02   7.00645515e-04   7.06873805e-01   2.03096984e-02
    2.60745239e-02   5.23397033e-04]
 [  1.04708367e-02   4.30967275e-02   2.55519303e-01   5.75347144e-06
    6.11948854e-07   3.41017613e-04   4.10691508e-05   2.82341226e-04
    6.84896498e-01   5.34584133e-03]
 [  9.50161754e-03   1.41268397e-02   4.52284270e-01   2.13251706e-03
    2.38264922e-02   1.64964401e-04   1.49331141e-04   3.15076019e-02
    4.62848268e-01   3.45809799e-03]
 [  4.23656821e-01   8.28520492e-03   4.38147760e-01   6.64570896e-08
    7.95437887e-02   4.43316204e-05   2.39849060e-02   7.97983568e-03
    1.83569956e-02   2.90084918e-07]
 [  3.89398962e-01   3.59085895e-04   1.74648898e-01   3.24401721e-04
    4.58068074e-02   4.49644656e-04   1.18723326e-03   7.80809820e-03
    3.80004801e-01   1.20677278e-05]
 [  6.06111932e-01   9.01293627e-02   6.24863926e-02   1.44285656e-02
    1.06385977e-07   1.45574393e-05   9.74681934e-03   1.95088448e-01
    1.93761590e-02   2.61765699e-03]
 [  2.51860271e-04   6.97152926e-01   2.97927849e-02   4.27473444e-03
    6.80689138e-02   6.42322337e-04   1.69699911e-01   3.19554380e-03
    2.54532348e-02   1.46776849e-03]
 [  1.56267454e-01   1.49435721e-02   6.02938205e-01   4.67651719e-04
    1.18371762e-03   1.51169801e-03   9.01713912e-07   2.18230996e-01
    4.45580290e-03   3.70632845e-10]
 [  5.13347206e-01   2.13929733e-01   2.07720386e-01   8.70502429e-04
    4.07890562e-03   1.45314605e-02   3.10851043e-02   9.39177797e-03
    3.03220881e-03   2.01271507e-03]
 [  1.70950282e-01   3.76504897e-03   1.33747134e-03   1.20115689e-02
    3.07494327e-01   7.07243139e-02   2.55719988e-03   3.65115458e-01
    6.59982029e-02   4.61276435e-05]
 [  5.76158240e-01   5.73504579e-02   1.35592586e-01   2.87628302e-04
    7.01949345e-02   7.71642551e-04   6.29954879e-02   6.07416304e-02
    3.52906498e-02   6.16742787e-04]
 [  2.64843489e-01   5.50465702e-02   1.98976474e-01   6.08407882e-04
    8.43444399e-02   1.59939065e-04   3.01025509e-01   5.23147876e-02
    3.18411039e-02   1.08392795e-02]
 [  4.88788706e-01   2.63654260e-03   3.59214618e-01   1.26115076e-06
    8.69825118e-02   1.55873891e-05   6.24731876e-03   1.18331056e-02
    4.42800464e-02   3.02522445e-07]
 [  6.92961429e-01   5.08489258e-02   8.67642591e-02   1.60080422e-06
    3.85353822e-02   3.40105035e-05   5.82877313e-02   1.11715256e-02
    6.13944470e-02   6.88663619e-07]
 [  2.42179876e-01   1.46617176e-01   1.56328758e-01   9.29921476e-04
    2.15311884e-01   2.48969944e-03   1.62913264e-01   1.94026000e-02
    5.25996576e-02   1.22716307e-03]
 [  3.47165380e-01   2.01140959e-01   1.48617578e-02   6.12841182e-03
    1.04130959e-01   9.47368913e-04   2.67045083e-01   2.44548940e-02
    3.23653122e-02   1.75987455e-03]
 [  1.84485876e-02   2.33173406e-06   5.96473293e-01   3.83098146e-05
    1.34553027e-01   4.53227429e-04   9.53763368e-02   1.52364702e-01
    2.07568568e-07   2.28997578e-03]
 [  5.20451234e-01   8.51913442e-04   3.53716896e-03   9.96135040e-03
    2.00668114e-01   3.24716623e-02   1.34729229e-03   2.01328776e-01
    2.88121376e-02   5.70351381e-04]
 [  1.46070617e-03   1.63273404e-02   1.10137728e-01   5.29783322e-02
    1.86318793e-03   3.36110787e-05   2.65023676e-01   5.51241944e-01
    9.06089490e-04   2.73849068e-05]
 [  4.22087275e-01   2.49639904e-01   2.10384280e-01   2.86999656e-03
    6.94666557e-02   1.87247152e-03   1.22808674e-02   1.23340448e-02
    1.83698108e-02   6.94693738e-04]
 [  3.59503861e-02   2.27604851e-02   6.94309699e-01   1.10246630e-05
    2.29007565e-01   6.76422678e-06   1.15967264e-02   6.18053351e-03
    1.00469165e-04   7.63469974e-05]
 [  5.54770776e-05   5.27113482e-03   2.43760996e-04   1.28419094e-03
    5.10699499e-04   3.09655905e-05   9.32306426e-02   3.24753939e-04
    8.99023691e-01   2.46832970e-05]
 [  2.18104436e-01   7.03958637e-03   2.15502699e-02   3.67315107e-03
    8.52078999e-02   3.74991245e-02   1.56159208e-01   2.16585298e-01
    2.46600696e-01   7.58032987e-03]
 [  1.23406393e-06   8.32144743e-05   5.08354702e-01   6.89954363e-03
    3.80742012e-07   6.88403182e-06   1.29404420e-07   4.91385831e-02
    4.11747371e-01   2.37679573e-02]
 [  1.99335455e-02   3.53688433e-03   1.06877904e-01   4.44762529e-03
    2.39515737e-02   1.13663937e-04   8.37340024e-03   5.30084859e-01
    3.01929023e-01   7.51521693e-04]
 [  7.15230923e-01   2.27187834e-04   1.96882737e-01   1.43998210e-04
    1.43448129e-02   4.68478641e-04   1.03859767e-02   3.22408010e-03
    5.90907586e-02   1.04710063e-06]
 [  2.20074959e-03   7.15899570e-01   4.23090425e-02   2.23242112e-03
    3.57831049e-02   1.24448944e-02   1.62530955e-02   8.69249948e-08
    1.71060075e-01   1.81695999e-03]
 [  8.04149573e-02   1.08030830e-03   3.33312221e-01   2.22690048e-02
    1.75757922e-05   8.02009036e-03   4.01273408e-02   4.75619499e-02
    4.62302618e-01   4.89393321e-03]
 [  4.09920712e-03   9.61651726e-03   3.39339886e-01   1.92885125e-06
    1.03209031e-01   9.81637553e-03   2.81722518e-01   1.68691950e-01
    7.39705214e-02   9.53206554e-03]
 [  4.73987178e-03   1.15543388e-02   1.72365344e-02   3.34674306e-02
    7.20240381e-03   6.40806784e-06   4.57535161e-01   4.67867804e-01
    3.42689637e-04   4.73580641e-05]
 [  4.67364565e-02   3.22116670e-02   4.60298644e-02   5.06876423e-03
    2.94510425e-01   6.55777559e-04   1.19599134e-02   1.63934172e-02
    5.46424073e-01   9.64121225e-06]
 [  6.13099991e-01   1.02784843e-03   5.48729808e-03   5.98922315e-03
    1.74510079e-01   1.95688469e-02   6.21798861e-04   1.36739905e-01
    4.27276773e-02   2.27332526e-04]
 [  7.22837100e-01   4.35904957e-02   3.91594853e-02   2.84563089e-04
    5.04851193e-02   5.04169116e-03   3.02495858e-02   1.93538439e-02
    8.86936660e-02   3.04449421e-04]
 [  1.71231575e-01   1.09608314e-02   3.37193682e-02   1.02765110e-02
    2.47177094e-03   6.25688848e-03   1.27361369e-02   6.89002621e-01
    6.33440946e-02   2.02975468e-07]
 [  3.85059775e-01   7.54903624e-02   9.47307757e-02   1.57178329e-05
    7.37257671e-02   1.62374395e-05   2.56253796e-01   8.29498111e-02
    3.02349456e-02   1.52281099e-03]] [[  8.43633511e-01   7.07117103e-02   2.12613695e-02   4.03488191e-06
    4.78451874e-03   3.29296304e-06   3.26996429e-02   1.47142781e-02
    1.21810474e-02   6.59406922e-06]
 [  8.51161083e-01   1.12350078e-03   7.22825276e-05   7.21268483e-03
    2.71049110e-02   5.10860338e-03   6.07213734e-05   9.18032278e-02
    1.26008567e-03   1.50928999e-02]
 [  7.92776578e-01   6.78050309e-04   9.36390355e-02   6.31292048e-04
    8.21579415e-03   1.00361344e-04   1.29747965e-03   3.74438204e-02
    6.42370699e-02   9.80518386e-04]
 [  1.30506709e-01   5.27105567e-02   9.73691553e-03   4.34279945e-03
    4.01977435e-01   2.35795251e-03   3.91843123e-01   1.56820932e-03
    5.59938193e-04   4.39636096e-03]
 [  2.02460877e-01   1.70358455e-01   9.87585892e-03   5.72707954e-03
    2.79652342e-06   1.12557418e-07   1.19164647e-01   3.32751198e-01
    5.90949306e-04   1.59068026e-01]
 [  1.89387502e-01   1.70653206e-01   4.26208108e-03   5.17533173e-08
    5.84541466e-01   4.28356726e-06   1.07207052e-02   1.66186184e-03
    2.00303732e-02   1.87384700e-02]
 [  4.30338097e-01   1.59331000e-02   7.16826789e-02   8.47661442e-03
    5.25722336e-03   8.06992780e-04   5.23158867e-02   3.99734441e-01
    7.31711676e-03   8.13784903e-03]
 [  8.33242185e-03   6.01149547e-01   1.53857351e-02   7.67963909e-02
    6.25978913e-02   1.37019058e-02   1.37557116e-01   7.26674213e-06
    3.65314707e-02   4.79402538e-02]
 [  4.71802471e-01   1.78228606e-01   8.15927512e-03   5.32533027e-03
    4.83908278e-02   5.13529271e-04   1.19430560e-02   1.43240283e-01
    1.66949719e-02   1.15701649e-01]
 [  6.78247336e-01   1.10866803e-01   7.31035742e-02   2.75925790e-06
    4.49140766e-02   5.83758172e-05   7.68450152e-02   1.44254758e-02
    3.10531487e-04   1.22605292e-03]
 [  8.45799475e-01   3.36133846e-04   8.75927063e-02   4.10721791e-04
    1.10071086e-03   2.10641568e-04   2.51335225e-03   7.66719031e-03
    5.43385592e-02   3.05093347e-05]
 [  9.24944435e-01   1.19471141e-04   2.77396448e-02   1.38222879e-04
    3.66861642e-03   1.07209919e-04   5.16403384e-05   6.61631834e-03
    3.64661954e-02   1.48245436e-04]
 [  5.51890414e-01   2.60321603e-04   1.87859381e-01   1.56361953e-05
    6.44073548e-02   2.70248452e-05   1.64668772e-01   2.53528056e-02
    9.60868166e-05   5.42220346e-03]
 [  1.00132612e-01   4.34674770e-02   8.83912031e-02   1.11637623e-03
    2.94640643e-04   7.86609515e-04   7.48967901e-08   7.65011901e-01
    7.98360789e-04   7.45285675e-07]
 [  3.27105234e-02   3.92610193e-04   4.28154033e-03   1.82185703e-02
    1.48300137e-06   1.78891829e-03   6.74633762e-02   2.64651796e-01
    1.66868691e-02   5.93804313e-01]
 [  5.88198483e-02   5.80459035e-01   2.20402341e-03   1.35947756e-03
    1.60238381e-01   2.12165595e-03   4.07712603e-02   6.07300549e-02
    5.73656683e-03   8.75596975e-02]
 [  4.65832970e-03   1.04415471e-02   1.34485951e-02   1.09205310e-02
    5.90085762e-01   4.22033381e-03   3.71271785e-02   2.79885621e-01
    1.72981892e-02   3.19139134e-02]
 [  7.79263705e-01   9.89483682e-03   2.95726412e-02   8.43487429e-04
    3.00832303e-02   1.39898001e-04   1.35786304e-01   1.17067788e-03
    1.32138201e-02   3.13993707e-05]
 [  4.95720757e-06   8.30512871e-05   3.34101893e-02   1.07832640e-02
    6.94835981e-08   6.45290981e-06   7.37774025e-09   1.19607452e-01
    1.27804283e-02   8.23324128e-01]
 [  1.13146678e-01   4.91170081e-03   1.26785097e-02   1.86997631e-01
    5.23059838e-01   4.55614696e-04   1.04774362e-03   2.05992414e-02
    1.12718083e-01   2.43849597e-02]
 [  1.81981131e-03   1.37688269e-03   1.30822018e-02   3.66267014e-04
    1.75246445e-02   7.60227139e-03   8.06635815e-02   8.56006052e-01
    1.74023494e-02   4.15593809e-03]
 [  1.63443956e-02   2.85311656e-02   8.37818748e-03   1.02472735e-02
    1.10376712e-02   2.67424997e-03   8.84118130e-03   5.25642779e-01
    3.10582028e-01   7.77210685e-02]
 [  5.77941146e-01   7.49021114e-03   9.33381249e-05   1.51030659e-02
    1.10049881e-01   2.84247069e-02   7.15120760e-04   1.98207112e-01
    3.52345470e-02   2.67408720e-02]
 [  6.84222845e-03   2.62538133e-01   2.92824741e-02   1.86986376e-05
    1.77237738e-08   1.89839854e-05   5.32079168e-05   1.00001989e-03
    1.31376975e-01   5.68869261e-01]
 [  3.77410759e-01   2.67740410e-04   6.58221525e-05   9.04466659e-04
    8.18672097e-03   2.13745343e-03   1.46677495e-06   6.07271645e-01
    3.37212367e-04   3.41671304e-03]
 [  8.88771264e-01   2.38913741e-03   5.87803451e-05   1.85408829e-03
    3.15483063e-02   2.59708593e-03   6.14168822e-04   6.17108032e-02
    4.79507480e-03   5.66129135e-03]
 [  2.54224082e-03   7.64209138e-01   1.22689137e-02   2.86124147e-02
    5.58450607e-03   3.78850210e-03   1.58832546e-01   1.56830749e-05
    5.02027742e-03   1.91257785e-02]
 [  7.96077037e-01   1.75750304e-01   1.45016104e-04   2.41296976e-03
    1.41915277e-02   8.76861284e-04   8.71023933e-04   5.03087682e-03
    3.63041094e-09   4.64437928e-03]
 [  3.93026841e-01   4.08772025e-01   3.40820054e-03   1.49858719e-02
    3.43710577e-03   9.78680455e-03   8.28714185e-02   1.67452141e-02
    9.64983764e-04   6.60015352e-02]
 [  1.21237677e-03   7.07976187e-03   4.62876170e-03   5.98143264e-07
    1.39403701e-02   1.68164077e-03   2.18951419e-01   5.03363141e-01
    1.14741912e-02   2.37667739e-01]
 [  8.50779273e-01   2.31619928e-04   7.94542124e-02   2.41507743e-04
    1.28650667e-02   1.27784811e-04   1.28287801e-04   1.83734957e-03
    5.36189204e-02   7.15977883e-04]
 [  4.24686393e-05   1.26905103e-02   3.59201674e-02   1.15185909e-06
    1.86103088e-02   1.51635980e-03   2.18145739e-01   4.60342676e-01
    9.80449243e-03   2.42926126e-01]
 [  7.21038880e-01   1.40866241e-02   1.47629817e-02   3.53842027e-04
    9.08016850e-02   2.51628743e-06   7.63843476e-02   6.04777864e-02
    1.02691089e-04   2.19886459e-02]
 [  1.05430956e-01   6.82570196e-03   6.29315491e-03   3.31166053e-03
    2.93564776e-01   3.49523187e-04   5.78604352e-01   8.23491009e-04
    2.50415950e-03   2.29222465e-03]
 [  1.07468843e-01   2.02870330e-01   5.65172962e-01   3.33917732e-03
    1.15039117e-02   1.05260613e-02   3.84511213e-02   2.07956658e-02
    4.39311861e-04   3.94326164e-02]
 [  7.76022549e-01   1.94533286e-04   1.04527618e-04   4.71225751e-03
    1.19935458e-02   8.10673618e-03   3.61566641e-04   1.66833451e-01
    9.27980159e-03   2.23910309e-02]
 [  4.30330724e-01   2.14263892e-02   5.56806924e-03   2.66379110e-03
    1.59084314e-01   3.32165146e-04   3.75852938e-01   7.96611918e-04
    5.13857916e-05   3.89361252e-03]
 [  1.26929881e-03   5.20352136e-03   1.53434331e-02   6.77153610e-02
    5.57651297e-01   1.59357892e-03   1.04943054e-01   1.71782303e-01
    3.49916447e-03   7.09989888e-02]
 [  7.86096346e-02   2.43172396e-03   3.55479000e-03   1.20028323e-03
    3.60660983e-01   1.80259638e-03   5.45508674e-01   1.11719845e-04
    3.19644875e-03   2.92314651e-03]
 [  6.83221644e-01   1.10986840e-04   2.64866573e-01   2.68402520e-04
    4.70869584e-03   8.49043006e-07   1.29617636e-02   3.06623696e-02
    1.77623130e-04   3.02109233e-03]
 [  5.49230784e-03   4.87913081e-03   7.04978112e-02   6.55033324e-07
    5.40116781e-03   1.26148363e-03   1.19121949e-01   5.41802672e-01
    1.40191674e-02   2.37523655e-01]
 [  1.59270926e-03   1.12429465e-03   9.23930248e-02   1.83933467e-03
    6.65332312e-03   2.55640004e-03   1.57011695e-01   5.29703530e-01
    1.93652812e-01   1.34728756e-02]
 [  1.45654503e-01   1.90174485e-03   2.38609556e-02   2.88491078e-03
    2.61847412e-03   2.82637538e-03   3.44705569e-01   4.41681224e-01
    1.58480091e-02   1.80182346e-02]
 [  5.26528349e-03   1.25968605e-02   3.36659331e-02   2.25493392e-06
    9.01279566e-03   2.02763570e-03   6.23784660e-02   4.60997014e-01
